0,1(0.27683997299122215),2(0.24105334233625927),0(0.21674544226873735),3(0.15935178933153274),4(0.10600945307224847)
1,3(0.26560587515299877),0(0.22888616891064872),2(0.2215422276621787),4(0.14932680538555693),1(0.1346389228886169)
2,1(0.2631578947368421),3(0.25650332728372655),4(0.21415607985480944),0(0.1572897761645493),2(0.1088929219600726)
3,2(0.25829383886255924),1(0.23696682464454977),3(0.22748815165876776),4(0.15402843601895735),0(0.12322274881516587)
4,0(0.27450980392156865),4(0.25951557093425603),3(0.1914648212226067),2(0.1695501730103806),1(0.104959630911188)
5,1(0.26238532110091745),3(0.24954128440366974),0(0.1871559633027523),2(0.181651376146789),4(0.11926605504587157)
6,0(0.3291316526610644),2(0.23109243697478993),3(0.21988795518207283),4(0.15546218487394958),1(0.06442577030812324)
7,0(0.3261455525606469),1(0.2722371967654987),4(0.19137466307277629),2(0.10512129380053908),3(0.10512129380053908)
8,1(0.3217522658610272),3(0.229607250755287),2(0.19939577039274925),4(0.18126888217522658),0(0.06797583081570997)
9,2(0.3041903776513192),0(0.23797206414899122),4(0.1645111226073461),1(0.1634764614588722),3(0.1298499741334713)
