0,11(0.4530722484807562),7(0.27076299797434167),8(0.06549628629304524),2(0.0587440918298447),12(0.04456448345712356),5(0.031060094530722483),9(0.02700877785280216),14(0.016205266711681297),0(0.008777852802160702),1(0.008777852802160702),4(0.008102633355840648),3(0.00337609723160027),6(0.002025658338960162),13(0.0013504388926401081),10(6.752194463200541E-4)
1,1(0.5813953488372093),5(0.09057527539779682),8(0.07833537331701346),9(0.05752753977968176),12(0.05752753977968176),2(0.05018359853121175),11(0.02447980416156671),7(0.01591187270501836),3(0.014687882496940025),0(0.009791921664626682),13(0.0073439412484700125),6(0.0036719706242350062),10(0.0036719706242350062),14(0.0036719706242350062),4(0.0012239902080783353)
2,13(0.4222625529340593),12(0.22807017543859648),8(0.11433756805807622),6(0.05323653962492438),2(0.050816696914700546),5(0.05021173623714459),3(0.021778584392014518),11(0.016333938294010888),7(0.012704174228675136),4(0.012099213551119177),0(0.008469449485783424),9(0.007864488808227465),10(0.0018148820326678765)
3,14(0.495260663507109),5(0.17061611374407584),2(0.08056872037914692),9(0.07819905213270142),8(0.054502369668246446),12(0.052132701421800945),0(0.016587677725118485),7(0.016587677725118485),11(0.016587677725118485),3(0.009478672985781991),10(0.0071090047393364926),13(0.002369668246445498)
4,9(0.5178777393310265),14(0.2687427912341407),12(0.05651672433679354),5(0.04152249134948097),8(0.0265282583621684),2(0.025374855824682813),11(0.01845444059976932),7(0.01384083044982699),0(0.00922722029988466),3(0.008073817762399077),4(0.006920415224913495),1(0.0057670126874279125),13(0.0011534025374855825)
5,10(0.42385321100917434),5(0.23302752293577983),8(0.13027522935779817),4(0.045871559633027525),12(0.03486238532110092),13(0.031192660550458717),2(0.023853211009174313),7(0.022018348623853212),11(0.02018348623853211),3(0.01651376146788991),0(0.011009174311926606),9(0.007339449541284404)
6,0(0.5686274509803921),5(0.09523809523809523),9(0.06862745098039216),7(0.06022408963585434),8(0.058823529411764705),12(0.0392156862745098),2(0.03221288515406162),11(0.028011204481792718),4(0.02100840336134454),10(0.015406162464985995),3(0.011204481792717087),13(0.0014005602240896359)
7,10(0.5983827493261455),8(0.14285714285714285),5(0.09433962264150944),12(0.04043126684636118),9(0.03504043126684636),1(0.029649595687331536),2(0.026954177897574125),3(0.01078167115902965),11(0.008086253369272238),7(0.005390835579514825),13(0.005390835579514825),0(0.0026954177897574125)
8,3(0.33987915407854985),5(0.22205438066465258),4(0.08459214501510574),12(0.08459214501510574),8(0.08157099697885196),0(0.061933534743202415),2(0.03474320241691843),11(0.02416918429003021),14(0.02416918429003021),10(0.01661631419939577),7(0.012084592145015106),9(0.0075528700906344415),13(0.004531722054380665),6(0.0015105740181268882)
9,6(0.30367304707708226),4(0.24004138644593895),3(0.16761510605276772),2(0.1660631143300569),8(0.04086911536471805),12(0.02638385928608381),5(0.02172788411795137),9(0.01189860320744956),11(0.008794619762027936),7(0.006725297465080186),0(0.0036213140196585617),13(0.002586652871184687)
